[0, 0, 0.953125],
[0, 0, 0.953125],
[0, 0, 0.953125],
[0, 0, 0.953125],
[0, 0, 0.953125],
[0, 0, 0.953125],
[0, 0, 0.953125],
[0, 0, 0.953125],
[0, 0, 0.953125],
[0, 0, 0.953125],
[0, 0, 0.953125],
[0, 0, 0.953125],
[0, 0, 0.953125],
[0, 0, 0.953125],
[0, 0, 0.953125],
[0, 0, 0.953125],
[0, 0, 0.953125],
[0, 0, 0.953125],
[0, 0, 0.953125],
[0, 0, 0.953125],
[0, 0, 0.953125],
[0, 0, 0.953125],
[0, 0, 0.953125],
[0, 0, 0.953125],
[0, 0, 0.953125],
[0, 0, 0.953125],
[0, 0, 0.953125],
[0, 0, 0.953125],
[0, 0, 0.953125],
[0, 0, 0.953125],
[0, 0, 0.953125],
[0, 0, 0.953125],
[0, 0, 0.953125],
[0, 0, 0.953125],
[0, 0, 0.953125],
[0, 0, 0.953125],
