[-0.320068, -0.142761, 0.962646],
[0.0394287, -0.0526123, 0.969971],
[0.107056, 0.426758, 0.962646],
[0.107056, 0.426758, 0.962646],
[-0.301086, 0.401428, 0.953125],
[-0.320068, -0.142761, 0.962646],
[-0.136292, -0.543091, 0.947021],
[0.277893, -0.370544, 0.958252],
[0.407349, 0.181702, 0.947021],
[0.407349, 0.181702, 0.947021],
[-0.0701294, 0.0935059, 0.930664],
[-0.136292, -0.543091, 0.947021],
[-0.0701294, 0.0935059, 0.930664],
[-0.301086, 0.401428, 0.953125],
[-0.320068, -0.142761, 0.962646],
[-0.320068, -0.142761, 0.962646],
[-0.136292, -0.543091, 0.947021],
[-0.0701294, 0.0935059, 0.930664],
[0.407349, 0.181702, 0.947021],
[0.107056, 0.426758, 0.962646],
[0.0394287, -0.0526123, 0.969971],
[0.0394287, -0.0526123, 0.969971],
[0.277893, -0.370544, 0.958252],
[0.407349, 0.181702, 0.947021],
[-0.320068, -0.142761, 0.962646],
[0.0394287, -0.0526123, 0.969971],
[0.277893, -0.370544, 0.958252],
[0.277893, -0.370544, 0.958252],
[-0.136292, -0.543091, 0.947021],
[-0.320068, -0.142761, 0.962646],
[-0.301086, 0.401428, 0.953125],
[0.107056, 0.426758, 0.962646],
[0.407349, 0.181702, 0.947021],
[0.407349, 0.181702, 0.947021],
[-0.0701294, 0.0935059, 0.930664],
[-0.301086, 0.401428, 0.953125],
