[-0.1069946, -0.3635864, 0.9531250],
[0.1614379, -0.2857055, 0.9665527],
[0.1614379, 0.2857055, 0.9665527],
[0.1614379, 0.2857055, 0.9665527],
[-0.1069946, 0.3635864, 0.9531250],
[-0.1069946, -0.3635864, 0.9531250],
[0.4155273, -0.4443969, 0.9394531],
[0.5980835, -0.3333130, 0.9582520],
[0.5980835, 0.3333130, 0.9582520],
[0.5980835, 0.3333130, 0.9582520],
[0.4155273, 0.4443969, 0.9394531],
[0.4155273, -0.4443969, 0.9394531],
[0.4155273, 0.4443969, 0.9394531],
[-0.1069946, 0.3635864, 0.9531250],
[-0.1069946, -0.3635864, 0.9531250],
[-0.1069946, -0.3635864, 0.9531250],
[0.4155273, -0.4443969, 0.9394531],
[0.4155273, 0.4443969, 0.9394531],
[0.5980835, 0.3333130, 0.9582520],
[0.1614379, 0.2857055, 0.9665527],
[0.1614379, -0.2857055, 0.9665527],
[0.1614379, -0.2857055, 0.9665527],
[0.5980835, -0.3333130, 0.9582520],
[0.5980835, 0.3333130, 0.9582520],
[-0.1069946, -0.3635864, 0.9531250],
[0.1614379, -0.2857055, 0.9665527],
[0.5980835, -0.3333130, 0.9582520],
[0.5980835, -0.3333130, 0.9582520],
[0.4155273, -0.4443969, 0.9394531],
[-0.1069946, -0.3635864, 0.9531250],
[-0.1069946, 0.3635864, 0.9531250],
[0.1614379, 0.2857055, 0.9665527],
[0.5980835, 0.3333130, 0.9582520],
[0.5980835, 0.3333130, 0.9582520],
[0.4155273, 0.4443969, 0.9394531],
[-0.1069946, 0.3635864, 0.9531250],
